1583093815929 0.5088683521373495 0
1583096856605 0.5088683521373495 0
1583101975828 0.5088683521373495 0
1583109371125 0.5109474818666614 0
1583118321530 0.5109474818666614 0
1583128700864 0.5109474818666614 0
1583134433977 0.5109474818666614 0
1583138794147 0.5109474818666614 0
1583146555191 0.5109474818666614 0
1583154298909 0.5111552869477959 0
1583161557624 0.5111552869477959 0
1583166918705 0.5111552869477959 0
1583174373457 0.5111552869477959 0
1583177957026 0.5111552869477959 0
1583187168374 0.5111552869477959 0
1583195130597 0.5117747891905916 0
1583205557784 0.5117747891905916 0
1583212491731 0.5117747891905916 0
1583219655003 0.5117747891905916 0
1583275850072 0.5117747891905916 0
1583283590081 0.5117747891905916 0
1583292470830 0.5117747891905916 0
1583301383632 0.5117747891905916 0
1583315133139 0.5117747891905916 0
1583324892634 0.5117747891905916 0
1583336150094 0.5117747891905916 0
1583345646347 0.5121929572493492 0
