1583012734647 0.3245692365998809 0
1583013044781 0.368846475800348 0
1583013177764 0.3692813676778356 0
1583013258826 0.3692813676778356 0
1583013370972 0.3692813676778356 0
1583013444202 0.3927526013521558 0
1583013675723 0.3927526013521558 0
1583013918035 0.3927526013521558 0
1583014007645 0.3927526013521558 0
1583014070764 0.3927526013521558 0
1583014369485 0.393359319193974 0
1583014392075 0.39520978124262673 0
1583014697126 0.39520978124262673 0
1583014959439 0.39520978124262673 0
1583014981647 0.39520978124262673 0
1583015003320 0.39520978124262673 0
1583015323421 0.39520978124262673 0
1583015346271 0.39520978124262673 0
1583015645283 0.39520978124262673 0
1583015944820 0.39520978124262673 0
1583015966243 0.39520978124262673 0
1583015984236 0.39520978124262673 0
1583016286840 0.39520978124262673 0
1583016309659 0.39520978124262673 0
1583016612694 0.39520978124262673 0
1583016634164 0.39520978124262673 0
1583016930491 0.39520978124262673 0
1583017229115 0.39520978124262673 0
1583017527901 0.39520978124262673 0
1583017550547 0.39520978124262673 0
1583017848224 0.39520978124262673 0
1583018076373 0.39520978124262673 0
1583018099115 0.39520978124262673 0
1583018397991 0.39520978124262673 0
1583018419696 0.39520978124262673 0
1583018739680 0.39520978124262673 0
1583019042412 0.39520978124262673 0
1583019064995 0.39520978124262673 0
1583019292393 0.39520978124262673 0
1583019316201 0.39520978124262673 0
1583019614339 0.39520978124262673 0
1583019636541 0.39520978124262673 0
1583019938017 0.39520978124262673 0
1583020241220 0.39520978124262673 0
1583020263305 0.39520978124262673 0
1583020559059 0.39520978124262673 0
1583020857307 0.39520978124262673 0
1583020874423 0.39520978124262673 0
1583020896633 0.39520978124262673 0
1583020905362 0.39520978124262673 0
1583021204147 0.39520978124262673 0
1583021534830 0.39520978124262673 0
1583022054487 0.39520978124262673 0
1583022098650 0.39520978124262673 0
1583022622010 0.39520978124262673 0
1583023204819 0.39529001515733453 0
1583023755964 0.39529001515733453 0
1583025993584 0.39529001515733453 0
1583027857279 0.39529001515733453 0
1583028005871 0.39529001515733453 0
1583031597256 0.39529001515733453 0
1583032068770 0.39529001515733453 0
1583032218075 0.39529001515733453 0
1583032358737 0.39529001515733453 0
1583032452743 0.39529001515733453 0
1583058108138 0.39529001515733453 0
1583058369302 0.39529001515733453 0
1583058415527 0.39529001515733453 0
1583058797536 0.39529001515733453 0
1583059191616 0.39539882618667604 0
1583059222430 0.39539882618667604 0
1583059250563 0.39539882618667604 0
1583059273897 0.39539882618667604 0
1583059614051 0.39539882618667604 0
1583059641469 0.39539882618667604 0
1583059669957 0.39539882618667604 0
1583060008010 0.39539882618667604 0
1583060280902 0.39539882618667604 0
1583060617176 0.39539882618667604 0
1583060951101 0.39539882618667604 0
1583060981800 0.39539882618667604 0
1583061317441 0.39539882618667604 0
1583061344857 0.39539882618667604 0
1583061370412 0.39539882618667604 0
1583061707404 0.39539882618667604 0
1583062042816 0.39539882618667604 0
1583062069593 0.39602969127809484 0
1583062404682 0.39602969127809484 0
1583062660186 0.39602969127809484 0
1583062687938 0.39602969127809484 0
1583063024994 0.39602969127809484 0
1583063048823 0.39602969127809484 0
1583063077422 0.39602969127809484 0
1583063411599 0.39602969127809484 0
1583063429249 0.39602969127809484 0
1583063774216 0.39602969127809484 0
1583064124142 0.39602969127809484 0
1583064459309 0.39602969127809484 0
1583064487213 0.39602969127809484 0
1583064823584 0.39602969127809484 0
